0.05 0.1 0.15 0.2 0.25 0.3 0.35 0.4 0.45 0.5 0.55 0.6 0.65 0.7 0.75 0.8 0.85 0.9 0.95 1 1.05 1.1 1.15 1.2 1.25 1.3 1.35 1.4 1.45 1.5 1.55 1.6 1.65 1.7 1.75 1.8 1.85 1.9 1.95 2 2.05 2.1 2.15 2.2 2.25 2.3 2.35 2.4 2.45 2.5 2.55 2.6 2.65 2.7 2.75 2.8 2.85 2.9 2.95 3 3.05 3.1 3.15 3.2 3.25 3.3 3.35 3.4 3.45 3.5 3.55 3.6 3.65 3.7 3.75 3.8 3.85 3.9 3.95 4 
0.333333 0.333333 0.333333 0.333333 0.333333 0.333333 0.333333 0.333333 0.333333 0.333333 0.333333 0.333333 0.333333 0.333333 0.333333 0.333333 0.333333 0.333333 0.333333 0.333333 0.333333 0.333333 0.333333 0.333333 0.333333 0.333333 0.333333 0.333333 0.333333 0.333333 0.333333 0.333333 0.333333 0.333333 0.333333 0.333333 0.333333 0.333333 0.333333 0.333333 0.333333 0.333333 0.333333 0.333333 0.333333 0.333333 0.333333 0.333333 0.333333 0.333333 0.333333 0.333333 0.333333 0.333333 0.333333 0.333333 0.333333 0.333333 0.333333 0.333333 0.333333 0.333333 0.333333 0.333333 0.333333 0.333333 0.333333 0.333333 0.333333 0.333333 0.333333 0.333333 0.333333 0.333333 0.333333 0.333333 0.333333 0.333333 0.333333 0.333333 
0 0 0 0 0 0 0 0 0 0 0 0 0 0 0 0 0 0 0 0 0 0 0 0 0 0 0 0 0 0 0 0 0 0 0 0 0 0 0 0 0 0 0 0 0 0 0 0 0 0 0 0 0 0 0 0 0 0 0 0 0 0 0 0 0 0 0 0 0 0 0 0 0 0 0 0 0 0 0 0 
-2 -2 -2 -2 -2 -2 -2 -2 -2 -2 -2 -2 -2 -2 -2 -2 -2 -2 -2 -2 -2 -2 -2 -2 -2 -2 -2 -2 -2 -2 -2 -2 -2 -2 -2 -2 -2 -2 -2 -2 -2 -2 -2 -2 -2 -2 -2 -2 -2 -2 -2 -2 -2 -2 -2 -2 -2 -2 -2 -2 -2 -2 -2 -2 -2 -2 -2 -2 -2 -2 -2 -2 -2 -2 -2 -2 -2 -2 -2 -2 
2.66667 2.66667 2.66667 2.66667 2.66667 2.66667 2.66667 2.66667 2.66667 2.66666 2.66665 2.66662 2.66654 2.66635 2.666 2.66537 2.66433 2.66272 2.66037 2.65709 2.65268 2.64694 2.63969 2.63077 2.62003 2.60736 2.59268 2.57594 2.55715 2.53633 2.51353 2.48886 2.46243 2.43437 2.40485 2.37404 2.3421 2.30923 2.27559 2.24138 2.20674 2.17185 2.13686 2.10189 2.06707 2.03253 1.99834 1.9646 1.93139 1.89876 1.86677 1.83546 1.80486 1.775 1.7459 1.71756 1.69 1.66321 1.6372 1.61195 1.58746 1.56372 1.54071 1.51841 1.49682 1.4759 1.45565 1.43605 1.41707 1.3987 1.38091 1.36369 1.34702 1.33089 1.31526 1.30012 1.28546 1.27126 1.2575 1.24417 
4800 1200 533.333 300 192 133.333 97.9592 75 59.2592 48 39.6693 33.3329 28.4013 24.4875 21.329 18.7426 16.5972 14.7971 13.2711 11.9652 10.8382 9.85797 8.99931 8.24222 7.57066 6.97169 6.4348 5.95134 5.5142 5.11746 4.75617 4.42618 4.12397 3.84655 3.59134 3.35613 3.13901 2.93829 2.75252 2.58039 2.42074 2.27255 2.13489 2.00692 1.8879 1.77712 1.67397 1.57788 1.48831 1.40478 1.32686 1.25412 1.18619 1.12272 1.0634 1.00791 0.955998 0.907393 0.861865 0.819196 0.779183 0.741641 0.706397 0.67329 0.642173 0.612909 0.585371 0.559442 0.535012 0.511981 0.490256 0.469751 0.450383 0.432081 0.414773 0.398397 0.382893 0.368205 0.354282 0.341077 
-2 -2 -2 -2 -2 -2 -2 -2 -2 -2 -1.99999 -1.99996 -1.99988 -1.99972 -1.99939 -1.99882 -1.99788 -1.99642 -1.99429 -1.99131 -1.98731 -1.98211 -1.97553 -1.96744 -1.95769 -1.94619 -1.93287 -1.91768 -1.90062 -1.88172 -1.86102 -1.8386 -1.81458 -1.78908 -1.76224 -1.73421 -1.70515 -1.67523 -1.6446 -1.61342 -1.58184 -1.55001 -1.51807 -1.48613 -1.4543 -1.4227 -1.39141 -1.3605 -1.33004 -1.3001 -1.27071 -1.24192 -1.21376 -1.18624 -1.1594 -1.13323 -1.10775 -1.08295 -1.05884 -1.03542 -1.01266 -0.990564 -0.969121 -0.948316 -0.928134 -0.90856 -0.889578 -0.871172 -0.853324 -0.836018 -0.819237 -0.802964 -0.787181 -0.771873 -0.757024 -0.742617 -0.728636 -0.715068 -0.701896 -0.689107 
7.36364 7.36364 7.36364 7.36364 7.36364 7.36364 7.36364 7.36364 7.36364 7.36363 7.36361 7.36355 7.36338 7.36303 7.36232 7.36105 7.35892 7.35559 7.3506 7.34347 7.33362 7.32044 7.30327 7.28142 7.25421 7.22095 7.18102 7.13384 7.07893 7.01593 6.94461 6.8649 6.77688 6.68081 6.57711 6.46634 6.34921 6.2265 6.09911 5.96794 5.83394 5.69804 5.56114 5.42408 5.28762 5.15247 5.01922 4.88841 4.76046 4.63574 4.5145 4.39697 4.28329 4.17353 4.06776 3.96596 3.86811 3.77414 3.68398 3.59753 3.51468 3.43531 3.3593 3.28651 3.21681 3.15007 3.08616 3.02495 2.96632 2.91015 2.85631 2.8047 2.75521 2.70773 2.66216 2.61841 2.5764 2.53602 2.49721 2.45989 
12800 3200 1422.22 800 512 355.556 261.224 200 158.025 128 105.784 88.8871 75.7353 65.297 56.8718 49.9706 44.2435 39.4347 35.3537 31.8564 28.8324 26.1955 23.8783 21.8273 19.9996 18.3608 16.883 15.5436 14.3242 13.2095 12.1873 11.2472 10.3808 9.58112 8.84217 8.15898 7.52724 6.9432 6.40349 5.90511 5.44529 5.02143 4.6311 4.27201 3.94196 3.63885 3.3607 3.10562 2.87181 2.65758 2.46133 2.28158 2.11694 1.96611 1.8279 1.70121 1.58503 1.47842 1.38053 1.29059 1.20789 1.13178 1.06168 0.997048 0.937411 0.882326 0.831395 0.784258 0.740588 0.700088 0.66249 0.627549 0.595046 0.564777 0.536562 0.510234 0.485642 0.462649 0.441129 0.42097 
-2 -2 -2 -2 -2 -2 -2 -2 -2 -2 -1.99999 -1.99997 -1.99992 -1.99981 -1.9996 -1.99921 -1.99857 -1.99757 -1.99607 -1.99394 -1.99101 -1.98711 -1.98206 -1.97566 -1.96774 -1.9581 -1.9466 -1.93308 -1.91743 -1.89956 -1.87942 -1.85702 -1.83238 -1.8056 -1.77679 -1.74612 -1.71379 -1.68001 -1.64502 -1.60907 -1.57241 -1.53529 -1.49794 -1.46058 -1.42341 -1.38661 -1.35034 -1.31473 -1.27988 -1.24589 -1.21283 -1.18075 -1.14967 -1.11963 -1.09063 -1.06267 -1.03573 -1.00981 -0.984886 -0.960922 -0.937894 -0.91577 -0.894518 -0.874104 -0.854494 -0.835654 -0.81755 -0.80015 -0.783421 -0.767333 -0.751855 -0.736958 -0.722616 -0.708801 -0.695489 -0.682654 -0.670276 -0.658331 -0.6468 -0.635662 
14.2222 14.2222 14.2222 14.2222 14.2222 14.2222 14.2222 14.2222 14.2222 14.2222 14.2222 14.222 14.2217 14.221 14.2196 14.2171 14.2129 14.2064 14.1967 14.1829 14.1639 14.1387 14.106 14.0646 14.0132 13.9507 13.8757 13.7871 13.6838 13.5648 13.4292 13.2764 13.1057 12.9171 12.7104 12.4861 12.2448 11.9874 11.7154 11.4304 11.1341 10.8286 10.5163 10.1992 9.87965 9.55986 9.24185 8.92748 8.61841 8.31609 8.02172 7.73625 7.46045 7.19485 6.9398 6.69549 6.46197 6.23918 6.02694 5.82502 5.63311 5.45086 5.27789 5.11381 4.9582 4.81066 4.67076 4.53811 4.41231 4.29298 4.17976 4.07229 3.97023 3.87328 3.78113 3.6935 3.61012 3.53074 3.45513 3.38307 
24000 6000 2666.67 1500 960 666.667 489.796 375 296.296 240 198.346 166.663 142.003 122.43 106.631 93.6881 82.9456 73.9236 66.2649 59.6992 54.0192 49.0638 44.7068 40.8478 37.4069 34.3198 31.5344 29.0084 26.7072 24.6023 22.6704 20.8922 19.2516 17.7352 16.3319 15.0321 13.8278 12.7122 11.6792 10.7235 9.84024 9.02506 8.27381 7.58259 6.94764 6.36531 5.83207 5.34451 4.89929 4.49321 4.1232 3.78632 3.47979 3.20099 2.94748 2.71696 2.50733 2.31664 2.14311 1.9851 1.84114 1.70986 1.59005 1.48061 1.38053 1.28892 1.20498 1.12796 1.05722 0.992167 0.932273 0.877062 0.826105 0.779018 0.735454 0.695101 0.657677 0.622929 0.590629 0.560568 
-2 -2 -2 -2 -2 -2 -2 -2 -2 -2 -1.99999 -1.99997 -1.99993 -1.99982 -1.99961 -1.99924 -1.99862 -1.99765 -1.99622 -1.99418 -1.99141 -1.98773 -1.98299 -1.97704 -1.9697 -1.96084 -1.95031 -1.93798 -1.92374 -1.90749 -1.88918 -1.86874 -1.84617 -1.82146 -1.79467 -1.76586 -1.73515 -1.70266 -1.66858 -1.63309 -1.59643 -1.55882 -1.52051 -1.48175 -1.44278 -1.40384 -1.36514 -1.32688 -1.28924 -1.25236 -1.21638 -1.18138 -1.14746 -1.11466 -1.08302 -1.05256 -1.02329 -0.995201 -0.968272 -0.94248 -0.917795 -0.89418 -0.871597 -0.850003 -0.829358 -0.809616 -0.790737 -0.772678 -0.755397 -0.738855 -0.723014 -0.707836 -0.693286 -0.679331 -0.665939 -0.65308 -0.640725 -0.628848 -0.617423 -0.606426 
